60,3
60,1
59,3
59,1
58,3
58,1
57,3
57,1
56,3
56,1
55,3
55,1
54,3
54,1
53,8
53,3
53,1
52,3
52,1
51,3
51,1
50,12
50,3
50,1
49,3
49,1
48,3
10,16
48,1
10,174
47,3
10,22
47,1
10,24
46,6
10,214
46,3
10,104
46,1
45,5
45,3
45,1
44,3
44,1
11,8
43,3
11,19
43,1
11,14
42,7
11,5
42,3
11,10
42,1
11,13
41,3
11,12
41,1
40,115
40,3
40,1
39,3
39,1
38,12
38,3
38,1
37,3
37,1
36,3
36,1
35,3
35,1
34,3
34,1
33,3
33,1
32,3
32,1
31,3
31,1
30,3
30,1
29,3
29,1
28,9
28,3
28,1
27,7
27,3
27,1
26,3
26,1
25,3
25,1
24,3
24,1
20,3
20,2
20,1
19,3
19,2
19,1
14,18
14,17
14,13
14,9
14,7
14,5
14,4
12,3
12,2
12,1
11,26
11,23
11,15
11,11
11,9
11,6
11,4
11,3
11,2
11,1
10,302
10,278
10,257
10,248
10,188
10,186
10,176
10,155
10,148
